"","YEAR","state_name","staterate_year","time_since_legalization","state_pop","time","timesq","time_leg_chunked"
"1",2001,"AK",0.0801242402217088,NA,633714,0,0,NA
"2",2001,"AL",0.330116220816233,NA,4467634,0,0,NA
"3",2001,"AR",0.211398669252187,NA,2691571,0,0,NA
"4",2001,"AZ",0.72514784304503,NA,5273477,0,0,NA
"5",2001,"CA",3.20877630387881,NA,34479458,0,0,NA
"6",2001,"CO",0.514237114094782,NA,4425687,0,0,NA
"7",2001,"CT",0.345893048120416,NA,3432835,0,0,NA
"8",2001,"DC",0.0560348960883909,NA,574504,0,0,NA
"9",2001,"DE",0.0751127056988926,NA,795699,0,0,NA
"10",2001,"FL",2.20671603416201,NA,16356966,0,0,NA
"11",2001,"GA",0.660521986239904,NA,8377038,0,0,NA
"12",2001,"HI",0.108543277272829,NA,1225948,0,0,NA
"13",2001,"IA",0.140403066733511,NA,2931997,0,0,NA
"14",2001,"ID",0.0599468539627216,NA,1319962,0,0,NA
"15",2001,"IL",0.80777924713694,NA,12488445,0,0,NA
"16",2001,"IN",0.735443704488204,NA,612776,0,0,NA
"17",2001,"KS",0.150471396083107,NA,2702162,0,0,NA
"18",2001,"KY",0.196842914116212,NA,4068132,0,0,NA
"19",2001,"LA",0.379015619520954,NA,4477875,0,0,NA
"20",2001,"MA",0.468230064052821,NA,6397634,0,0,NA
"21",2001,"MD",0.396385116960657,NA,5374691,0,0,NA
"22",2001,"ME",0.580588844559654,NA,1285692,0,0,NA
"23",2001,"MI",0.107089762064078,NA,999112,0,0,NA
"24",2001,"MN",0.348258576779807,NA,4982796,0,0,NA
"25",2001,"MO",0.59895118253125,NA,5641142,0,0,NA
"26",2001,"MS",0.16959292916627,NA,2852994,0,0,NA
"27",2001,"MT",0.0603952095501344,NA,906961,0,0,NA
"28",2001,"NC",0.311913906257729,NA,8210122,0,0,NA
"29",2001,"ND",0.0422529646582302,NA,639062,0,0,NA
"30",2001,"NE",0.148739966289521,NA,1719836,0,0,NA
"31",2001,"NH",0.120927036150819,NA,1255517,0,0,NA
"32",2001,"NJ",0.554833873465966,NA,8492671,0,0,NA
"33",2001,"NM",0.130420402763487,NA,183169,0,0,NA
"34",2001,"NV",0.272980742133844,NA,2098399,0,0,NA
"35",2001,"NY",1.31514468357077,NA,19082838,0,0,NA
"36",2001,"OH",1.09263142671198,NA,11387404,0,0,NA
"37",2001,"OK",0.25774877049709,NA,34671,0,0,NA
"38",2001,"OR",0.409490143607103,NA,3467937,0,0,NA
"39",2001,"PA",0.629952041176196,NA,1229897,0,0,NA
"40",2001,"RI",0.126758070545346,NA,1057142,0,0,NA
"41",2001,"SC",0.175029946126476,NA,4064995,0,0,NA
"42",2001,"SD",0.0508753860490175,NA,757972,0,0,NA
"43",2001,"TN",0.280121920579423,NA,5750789,0,0,NA
"44",2001,"TX",1.5271977520935,NA,21319622,0,0,NA
"45",2001,"UT",0.216821807462088,NA,2283715,0,0,NA
"46",2001,"VA",0.514050028676576,NA,7198362,0,0,NA
"47",2001,"VT",0.077910545494809,NA,612223,0,0,NA
"48",2001,"WA",0.819231131684083,NA,5985722,0,0,NA
"49",2001,"WI",0.538461884133518,NA,5406835,0,0,NA
"50",2001,"WV",0.109487682911321,NA,1801481,0,0,NA
"51",2001,"WY",0.0483011356255637,NA,494657,0,0,NA
"52",2002,"AK",0.0870010217189165,NA,642337,1,1,NA
"53",2002,"AL",0.240563739539149,NA,4480089,1,1,NA
"54",2002,"AR",0.0836237480042713,NA,2705927,1,1,NA
"55",2002,"AZ",0.5511996347028,NA,5396255,1,1,NA
"56",2002,"CA",3.41051512976127,NA,34871843,1,1,NA
"57",2002,"CO",0.44739791683276,NA,4490406,1,1,NA
"58",2002,"CT",0.195382417949787,NA,3458749,1,1,NA
"59",2002,"DC",0.0681702569075337,NA,573158,1,1,NA
"60",2002,"DE",0.0810778832364438,NA,806169,1,1,NA
"61",2002,"FL",2.31213739737372,NA,1668937,1,1,NA
"62",2002,"GA",0.668647142407901,NA,8508256,1,1,NA
"63",2002,"HI",0.0808656584915184,NA,1239613,1,1,NA
"64",2002,"IA",0.302734798793078,NA,2934234,1,1,NA
"65",2002,"ID",0.098584659442592,NA,1340372,1,1,NA
"66",2002,"IL",1.15539437735476,NA,12525556,1,1,NA
"67",2002,"IN",0.44200114020327,NA,6155967,1,1,NA
"68",2002,"KS",0.151824231204471,NA,2713535,1,1,NA
"69",2002,"KY",0.448750872361186,NA,4089875,1,1,NA
"70",2002,"LA",0.225155889632519,NA,4497267,1,1,NA
"71",2002,"MA",0.360069192047933,NA,6417206,1,1,NA
"72",2002,"MD",0.554742284353487,NA,5440389,1,1,NA
"73",2002,"ME",0.701264753429474,NA,129596,1,1,NA
"74",2002,"MI",0.104375315882086,NA,1001571,1,1,NA
"75",2002,"MN",0.410748931253276,NA,5018935,1,1,NA
"76",2002,"MO",0.554304220053562,NA,5674825,1,1,NA
"77",2002,"MS",0.152155379513725,NA,2858681,1,1,NA
"78",2002,"MT",0.0984752891131205,NA,911667,1,1,NA
"79",2002,"NC",0.719257084436522,NA,8326201,1,1,NA
"80",2002,"ND",0.0458789173571325,NA,638168,1,1,NA
"81",2002,"NE",0.168702132063755,NA,1728292,1,1,NA
"82",2002,"NH",0.116320024887408,NA,1269089,1,1,NA
"83",2002,"NJ",0.587003202468476,NA,8552643,1,1,NA
"84",2002,"NM",0.18250680333882,NA,1855309,1,1,NA
"85",2002,"NV",0.266748776339782,NA,2173791,1,1,NA
"86",2002,"NY",1.41069594537238,NA,191378,1,1,NA
"87",2002,"OH",0.965644960126989,NA,11407889,1,1,NA
"88",2002,"OK",0.182800812336564,NA,348908,1,1,NA
"89",2002,"OR",0.445947125473305,NA,3513424,1,1,NA
"90",2002,"PA",0.973902751721336,NA,12331031,1,1,NA
"91",2002,"RI",0.0841936868280011,NA,1065995,1,1,NA
"92",2002,"SC",0.309713290489781,NA,4107795,1,1,NA
"93",2002,"SD",0.0601230439987484,NA,76002,1,1,NA
"94",2002,"TN",0.448024478559292,NA,5795918,1,1,NA
"95",2002,"TX",1.69239417131491,NA,21690325,1,1,NA
"96",2002,"UT",0.17203301920625,NA,2324815,1,1,NA
"97",2002,"VA",0.495063137489356,NA,7286873,1,1,NA
"98",2002,"VT",0.0510687761798704,NA,615442,1,1,NA
"99",2002,"WA",0.457977346237065,NA,6052349,1,1,NA
"100",2002,"WI",0.632189943596274,NA,5445162,1,1,NA
"101",2002,"WV",0.0976099317123346,NA,1805414,1,1,NA
"102",2002,"WY",0.0606692260421496,NA,500017,1,1,NA
"103",2003,"AK",0.0703341982039858,NA,648414,2,4,NA
"104",2003,"AL",0.203622494694319,NA,4503491,2,4,NA
"105",2003,"AR",0.185691171826416,NA,2724816,2,4,NA
"106",2003,"AZ",0.459959938403707,NA,5510364,2,4,NA
"107",2003,"CA",3.79122710497677,NA,35253159,2,4,NA
"108",2003,"CO",0.417415867898177,NA,4528732,2,4,NA
"109",2003,"CT",0.391979839636015,NA,3484336,2,4,NA
"110",2003,"DC",0.0571441024138541,NA,568502,2,4,NA
"111",2003,"DE",0.0699989539988072,NA,818003,2,4,NA
"112",2003,"FL",2.14996096028384,NA,17004085,2,4,NA
"113",2003,"GA",0.557859650908351,NA,8622793,2,4,NA
"114",2003,"HI",0.184721634758732,NA,1251154,2,4,NA
"115",2003,"IA",0.261110175169838,NA,2941999,2,4,NA
"116",2003,"ID",0.111537628352324,NA,136338,2,4,NA
"117",2003,"IL",0.965455438649528,NA,12556006,2,4,NA
"118",2003,"IN",0.619478210774381,NA,6196638,2,4,NA
"119",2003,"KS",0.120685594080821,NA,2723004,2,4,NA
"120",2003,"KY",0.289320611275722,NA,411717,2,4,NA
"121",2003,"LA",0.307146852882469,NA,4521042,2,4,NA
"122",2003,"MA",0.515830633843221,0,6422565,2,4,NA
"123",2003,"MD",0.503410352835397,NA,5496269,2,4,NA
"124",2003,"ME",0.859727068617819,NA,1306513,2,4,NA
"125",2003,"MI",0.178652380042842,NA,10041152,2,4,NA
"126",2003,"MN",0.316595305699311,NA,5053572,2,4,NA
"127",2003,"MO",0.581242590504152,NA,5709403,2,4,NA
"128",2003,"MS",0.222791000955465,NA,2868312,2,4,NA
"129",2003,"MT",0.0715656288323273,NA,91963,2,4,NA
"130",2003,"NC",0.587114377020746,NA,8422501,2,4,NA
"131",2003,"ND",0.0275584493272039,NA,638817,2,4,NA
"132",2003,"NE",0.174541131607759,NA,1738643,2,4,NA
"133",2003,"NH",0.182362281708524,NA,127984,2,4,NA
"134",2003,"NJ",0.535976789374369,NA,8601402,2,4,NA
"135",2003,"NM",0.156939993675085,NA,1877574,2,4,NA
"136",2003,"NV",0.17164656405707,NA,224885,2,4,NA
"137",2003,"NY",1.46849190747217,NA,19175939,2,4,NA
"138",2003,"OH",1.0759817154375,NA,11434788,2,4,NA
"139",2003,"OK",0.278227706238378,NA,3504892,2,4,NA
"140",2003,"OR",0.32184529775507,NA,3547376,2,4,NA
"141",2003,"PA",0.732812103666843,NA,12374658,2,4,NA
"142",2003,"RI",0.0756702082265267,NA,1071342,2,4,NA
"143",2003,"SC",0.329415395012238,NA,4150297,2,4,NA
"144",2003,"SD",0.0354104464966827,NA,763729,2,4,NA
"145",2003,"TN",0.428183801405447,NA,5847812,2,4,NA
"146",2003,"TX",1.53812044453067,NA,22030931,2,4,NA
"147",2003,"UT",0.121029897225041,NA,2360137,2,4,NA
"148",2003,"VA",0.671816211010194,NA,7366977,2,4,NA
"149",2003,"VT",0.0671339950200294,NA,617858,2,4,NA
"150",2003,"WA",0.646248097728858,NA,6104115,2,4,NA
"151",2003,"WI",0.606656173829837,NA,5479203,2,4,NA
"152",2003,"WV",0.19061749156971,NA,1812295,2,4,NA
"153",2003,"WY",0.0395284528777959,NA,503453,2,4,NA
"154",2004,"AK",0.0577075020073921,NA,659286,3,9,NA
"155",2004,"AL",0.216558522001009,NA,4530729,3,9,NA
"156",2004,"AR",0.195168861671813,NA,2749686,3,9,NA
"157",2004,"AZ",0.839464267497559,NA,5652404,3,9,NA
"158",2004,"CA",3.12530472760618,NA,35574576,3,9,NA
"159",2004,"CO",0.483300713326229,NA,4575013,3,9,NA
"160",2004,"CT",0.3957862072259,NA,3496094,3,9,NA
"161",2004,"DC",0.0445135452024148,NA,567754,3,9,NA
"162",2004,"DE",0.0640257284532071,NA,830803,3,9,NA
"163",2004,"FL",1.90380823950955,NA,17415318,3,9,NA
"164",2004,"GA",0.702769454364828,NA,8769252,3,9,NA
"165",2004,"HI",0.126573927315735,NA,1273569,3,9,NA
"166",2004,"IA",0.17352773520953,NA,2953635,3,9,NA
"167",2004,"ID",0.0625673780892643,NA,1391802,3,9,NA
"168",2004,"IL",0.945389871322397,NA,12589773,3,9,NA
"169",2004,"IN",0.612788510207249,NA,6233007,3,9,NA
"170",2004,"KS",0.208450885875961,NA,2734373,3,9,NA
"171",2004,"KY",0.260306300221876,NA,4146101,3,9,NA
"172",2004,"LA",0.264220011873013,NA,4552238,3,9,NA
"173",2004,"MA",0.467143303820461,1,6412281,3,9,2
"174",2004,"MD",0.503568527491309,NA,5546935,3,9,NA
"175",2004,"ME",0.54940835102012,NA,1313688,3,9,NA
"176",2004,"MI",0.162152450398672,NA,10055315,3,9,NA
"177",2004,"MN",0.414635052699724,NA,5087713,3,9,NA
"178",2004,"MO",0.605190128330655,NA,5747741,3,9,NA
"179",2004,"MS",0.299626871819857,NA,288901,3,9,NA
"180",2004,"MT",0.0535506006624479,NA,930009,3,9,NA
"181",2004,"NC",0.568878322135514,NA,8553152,3,9,NA
"182",2004,"ND",0.0303693645907961,NA,644705,3,9,NA
"183",2004,"NE",0.116584133218392,NA,174937,3,9,NA
"184",2004,"NH",0.115246172721656,NA,1290121,3,9,NA
"185",2004,"NJ",0.56627637353161,NA,8634561,3,9,NA
"186",2004,"NM",0.195092004717362,NA,1903808,3,9,NA
"187",2004,"NV",0.319509998431555,NA,2346222,3,9,NA
"188",2004,"NY",1.34484366325944,NA,19171567,3,9,NA
"189",2004,"OH",1.04460874384364,NA,11452251,3,9,NA
"190",2004,"OK",0.324434089775497,NA,3525233,3,9,NA
"191",2004,"OR",0.334982414074471,NA,3569463,3,9,NA
"192",2004,"PA",0.958471911015544,NA,12410722,3,9,NA
"193",2004,"RI",0.105195926206553,NA,1074579,3,9,NA
"194",2004,"SC",0.376952317802595,NA,4210921,3,9,NA
"195",2004,"SD",0.0744048574366981,NA,770396,3,9,NA
"196",2004,"TN",0.622832765406834,NA,5910809,3,9,NA
"197",2004,"TX",1.86962081154123,NA,22394023,3,9,NA
"198",2004,"UT",0.0647666313063134,NA,240158,3,9,NA
"199",2004,"VA",0.556217953435882,NA,7475575,3,9,NA
"200",2004,"VT",0.0756133466229518,NA,61992,3,9,NA
"201",2004,"WA",0.480723975489211,NA,6178645,3,9,NA
"202",2004,"WI",0.645142443381406,NA,5514026,3,9,NA
"203",2004,"WV",0.0933712232919464,NA,1816438,3,9,NA
"204",2004,"WY",0.0639591072283735,NA,509106,3,9,NA
"205",2005,"AK",0.0625893591699482,NA,666946,4,16,NA
"206",2005,"AL",0.293990124477354,NA,4569805,4,16,NA
"207",2005,"AR",0.269213184735789,NA,2781097,4,16,NA
"208",2005,"AZ",0.717927683596662,NA,5839077,4,16,NA
"209",2005,"CA",3.19979949494323,NA,35827943,4,16,NA
"210",2005,"CO",0.50294514658419,NA,4631888,4,16,NA
"211",2005,"CT",0.250467592149415,NA,3506956,4,16,NA
"212",2005,"DC",0.0475565168216426,NA,567136,4,16,NA
"213",2005,"DE",0.0821901436378214,NA,84515,4,16,NA
"214",2005,"FL",2.00794787665203,NA,17842038,4,16,NA
"215",2005,"GA",0.690508278751775,NA,8925922,4,16,NA
"216",2005,"HI",0.103980226165788,NA,1292729,4,16,NA
"217",2005,"IA",0.144962093264195,NA,2964454,4,16,NA
"218",2005,"ID",0.116002119829198,NA,1428241,4,16,NA
"219",2005,"IL",1.0390216687719,NA,12609903,4,16,NA
"220",2005,"IN",0.595034820447436,NA,6278616,4,16,NA
"221",2005,"KS",0.172947454672994,NA,2745299,4,16,NA
"222",2005,"KY",0.309624823279564,NA,4182742,4,16,NA
"223",2005,"LA",0.362968611079085,NA,4576628,4,16,NA
"224",2005,"MA",0.582100245915056,2,640329,4,16,2
"225",2005,"MD",0.502330395398742,NA,5592379,4,16,NA
"226",2005,"ME",0.870250788654464,NA,1318787,4,16,NA
"227",2005,"MI",0.112842649192268,NA,10051137,4,16,NA
"228",2005,"MN",0.397605534003976,NA,5119598,4,16,NA
"229",2005,"MO",0.462056314472172,NA,57903,4,16,NA
"230",2005,"MS",0.186598747287585,NA,2905943,4,16,NA
"231",2005,"MT",0.0531729166653368,NA,940102,4,16,NA
"232",2005,"NC",0.748403411503544,NA,8705407,4,16,NA
"233",2005,"ND",0.0659949577172953,NA,646089,4,16,NA
"234",2005,"NE",0.108506222473584,NA,1761497,4,16,NA
"235",2005,"NH",0.0882059235320277,NA,1298492,4,16,NA
"236",2005,"NJ",0.594932175636915,NA,8651974,4,16,NA
"237",2005,"NM",0.267439025604573,NA,1932274,4,16,NA
"238",2005,"NV",0.21835858395857,NA,2432143,4,16,NA
"239",2005,"NY",1.28738867080218,NA,1913261,4,16,NA
"240",2005,"OH",0.894206557470544,NA,1146332,4,16,NA
"241",2005,"OK",0.24850956932186,NA,3548597,4,16,NA
"242",2005,"OR",0.505824781621343,NA,3613202,4,16,NA
"243",2005,"PA",0.739969635808786,NA,1244999,4,16,NA
"244",2005,"RI",0.0642020616883065,NA,1067916,4,16,NA
"245",2005,"SC",0.315171096793484,NA,427015,4,16,NA
"246",2005,"SD",0.0590279218023618,NA,775493,4,16,NA
"247",2005,"TN",0.516199534029317,NA,5991057,4,16,NA
"248",2005,"TX",1.66028899925036,NA,22778123,4,16,NA
"249",2005,"UT",0.119971531961901,NA,2457719,4,16,NA
"250",2005,"VA",0.521871753138531,NA,7577105,4,16,NA
"251",2005,"VT",0.0820555293540236,NA,621215,4,16,NA
"252",2005,"WA",0.725892385816022,NA,6257305,4,16,NA
"253",2005,"WI",0.423776598483895,NA,5546166,4,16,NA
"254",2005,"WV",0.108471301075775,NA,1820492,4,16,NA
"255",2005,"WY",0.0832729027612516,NA,514157,4,16,NA
"256",2006,"AK",0.0774213420892196,NA,675302,5,25,NA
"257",2006,"AL",0.246049501071646,NA,4628981,5,25,NA
"258",2006,"AR",0.16310995022019,NA,2821761,5,25,NA
"259",2006,"AZ",0.608255557175892,NA,6029141,5,25,NA
"260",2006,"CA",3.00756475224918,NA,36021202,5,25,NA
"261",2006,"CO",0.516940544060967,NA,4720423,5,25,NA
"262",2006,"CT",0.228638053411682,NA,351746,5,25,NA
"263",2006,"DC",0.0370133069219989,NA,570681,5,25,NA
"264",2006,"DE",0.073591397670714,NA,859268,5,25,NA
"265",2006,"FL",1.96966015371666,NA,1816699,5,25,NA
"266",2006,"GA",0.784430605069815,NA,9155813,5,25,NA
"267",2006,"HI",0.0666945520727956,NA,1309731,5,25,NA
"268",2006,"IA",0.284395259177398,NA,2982644,5,25,NA
"269",2006,"ID",0.129939185644009,NA,1468669,5,25,NA
"270",2006,"IL",1.0092075454658,NA,12643955,5,25,NA
"271",2006,"IN",0.609460041505149,NA,6332669,5,25,NA
"272",2006,"KS",0.225630479190197,NA,2762931,5,25,NA
"273",2006,"KY",0.33963070657349,NA,4219239,5,25,NA
"274",2006,"LA",0.325810466020782,NA,4302665,5,25,NA
"275",2006,"MA",0.428601712189156,3,6410084,5,25,4
"276",2006,"MD",0.49178443692354,NA,5627367,5,25,NA
"277",2006,"ME",0.796968300451132,NA,1323619,5,25,NA
"278",2006,"MI",0.166452578200109,NA,10036081,5,25,NA
"279",2006,"MN",0.331639024675059,NA,5163555,5,25,NA
"280",2006,"MO",0.486887967371036,NA,5842704,5,25,NA
"281",2006,"MS",0.234521560930833,NA,2904978,5,25,NA
"282",2006,"MT",0.0498705186374302,NA,952692,5,25,NA
"283",2006,"NC",0.645900406935887,NA,891727,5,25,NA
"284",2006,"ND",0.025178499284854,NA,649422,5,25,NA
"285",2006,"NE",0.143026795351293,NA,1772693,5,25,NA
"286",2006,"NH",0.111436030427328,NA,1308389,5,25,NA
"287",2006,"NJ",0.570964376552824,NA,8661679,5,25,NA
"288",2006,"NM",0.173040879583263,NA,1962137,5,25,NA
"289",2006,"NV",0.254229669601317,NA,2522658,5,25,NA
"290",2006,"NY",1.44527166403322,NA,19104631,5,25,NA
"291",2006,"OH",1.07535852485792,NA,11481213,5,25,NA
"292",2006,"OK",0.285687267328274,NA,359409,5,25,NA
"293",2006,"OR",0.411409204463119,NA,3670883,5,25,NA
"294",2006,"PA",0.802692060617962,NA,12510809,5,25,NA
"295",2006,"RI",0.077714527143271,NA,1063096,5,25,NA
"296",2006,"SC",0.369053841120255,NA,4357847,5,25,NA
"297",2006,"SD",0.0559693391467374,NA,783033,5,25,NA
"298",2006,"TN",0.533934646451179,NA,6088766,5,25,NA
"299",2006,"TX",1.76627910041022,NA,2335958,5,25,NA
"300",2006,"UT",0.15392824299985,NA,2525507,5,25,NA
"301",2006,"VA",0.616030129325638,NA,7673725,5,25,NA
"302",2006,"VT",0.114153754974447,NA,622892,5,25,NA
"303",2006,"WA",0.723970267994921,NA,6370753,5,25,NA
"304",2006,"WI",0.52338960428722,NA,5577655,5,25,NA
"305",2006,"WV",0.173306502088015,NA,1827912,5,25,NA
"306",2006,"WY",0.0534324951921926,NA,522667,5,25,NA
"307",2007,"AK",0.103188033124154,NA,6803,6,36,NA
"308",2007,"AL",0.223564078673132,NA,467284,6,36,NA
"309",2007,"AR",0.212513765375107,NA,284865,6,36,NA
"310",2007,"AZ",0.644833482778068,NA,6167681,6,36,NA
"311",2007,"CA",3.07142847198148,NA,36250311,6,36,NA
"312",2007,"CO",0.39900484081292,NA,4803868,6,36,NA
"313",2007,"CT",0.328169263127698,NA,352727,6,36,NA
"314",2007,"DC",0.0547123115524191,NA,574404,6,36,NA
"315",2007,"DE",0.0691632892385528,NA,871749,6,36,NA
"316",2007,"FL",1.76839070538046,NA,18367842,6,36,NA
"317",2007,"GA",0.748276055197523,NA,9349988,6,36,NA
"318",2007,"HI",0.152617622064218,NA,1315675,6,36,NA
"319",2007,"IA",0.224477814951183,NA,2999212,6,36,NA
"320",2007,"ID",0.0972508944510972,NA,1505105,6,36,NA
"321",2007,"IL",0.943745843507749,NA,12695866,6,36,NA
"322",2007,"IN",0.535736396608989,NA,6379599,6,36,NA
"323",2007,"KS",0.209587427701086,NA,2783785,6,36,NA
"324",2007,"KY",0.329225154025814,NA,4256672,6,36,NA
"325",2007,"LA",0.267122397501466,NA,4375581,6,36,NA
"326",2007,"MA",0.602222605062222,4,6431559,6,36,4
"327",2007,"MD",0.371813229050113,NA,5653408,6,36,NA
"328",2007,"ME",0.616331414250199,NA,132704,6,36,NA
"329",2007,"MI",0.143342666130553,NA,10001284,6,36,NA
"330",2007,"MN",0.433707564199254,NA,5207203,6,36,NA
"331",2007,"MO",0.58897172151727,NA,5887612,6,36,NA
"332",2007,"MS",0.191147715098736,NA,292835,6,36,NA
"333",2007,"MT",0.0533082787481638,NA,964706,6,36,NA
"334",2007,"NC",0.743215412909276,NA,9118037,6,36,NA
"335",2007,"ND",0.0201242635099769,NA,652822,6,36,NA
"336",2007,"NE",0.120039088474411,NA,178344,6,36,NA
"337",2007,"NH",0.0961720279067712,NA,131254,6,36,NA
"338",2007,"NJ",0.540423163839683,NA,8677885,6,36,NA
"339",2007,"NM",0.139115388349455,NA,199007,6,36,NA
"340",2007,"NV",0.26377015891574,NA,2601072,6,36,NA
"341",2007,"NY",1.21716712182383,NA,19132335,6,36,NA
"342",2007,"OH",0.970260593273594,NA,11500468,6,36,NA
"343",2007,"OK",0.269163271364258,NA,3634349,6,36,NA
"344",2007,"OR",0.402608341948189,NA,3722417,6,36,NA
"345",2007,"PA",0.746830676540731,NA,12563937,6,36,NA
"346",2007,"RI",0.0828295073770891,NA,1057315,6,36,NA
"347",2007,"SC",0.226474712069645,NA,444411,6,36,NA
"348",2007,"SD",0.100700653927356,NA,791623,6,36,NA
"349",2007,"TN",0.484292424995269,NA,6175727,6,36,NA
"350",2007,"TX",1.77342792480238,NA,23831983,6,36,NA
"351",2007,"UT",0.134133970362459,NA,2597746,6,36,NA
"352",2007,"VA",0.448291535395391,NA,7751,6,36,NA
"353",2007,"VT",0.0725049180107293,NA,623481,6,36,NA
"354",2007,"WA",0.708048421335416,NA,6461587,6,36,NA
"355",2007,"WI",0.527802670860558,NA,5610775,6,36,NA
"356",2007,"WV",0.106444018450297,NA,1834052,6,36,NA
"357",2007,"WY",0.0668386538102765,NA,534876,6,36,NA
"358",2008,"AK",0.0728497153225669,NA,687455,7,49,NA
"359",2008,"AL",0.217647348730666,NA,4718206,7,49,NA
"360",2008,"AR",0.188116904123134,NA,2874554,7,49,NA
"361",2008,"AZ",0.624544431447452,NA,6280362,7,49,NA
"362",2008,"CA",2.98414929497843,NA,36604337,7,49,NA
"363",2008,"CO",0.475897586981837,NA,488973,7,49,NA
"364",2008,"CT",0.227168485713304,0,3545579,7,49,NA
"365",2008,"DC",0.052117710441735,NA,580236,7,49,NA
"366",2008,"DE",0.04842210229939,NA,883874,7,49,NA
"367",2008,"FL",1.57735728255378,NA,18527305,7,49,NA
"368",2008,"GA",0.633709987382199,NA,9504843,7,49,NA
"369",2008,"HI",0.114840649418144,NA,1332213,7,49,NA
"370",2008,"IA",0.247875866981758,NA,3016734,7,49,NA
"371",2008,"ID",0.151382856383781,NA,153432,7,49,NA
"372",2008,"IL",0.894251835652301,NA,12747038,7,49,NA
"373",2008,"IN",0.599378813049366,NA,6424806,7,49,NA
"374",2008,"KS",0.224394231344412,NA,2808076,7,49,NA
"375",2008,"KY",0.236882076733423,NA,4289878,7,49,NA
"376",2008,"LA",0.266852433746369,NA,4435586,7,49,NA
"377",2008,"MA",0.423105136376092,5,6468967,7,49,6
"378",2008,"MD",0.403803650549357,NA,5684965,7,49,NA
"379",2008,"ME",0.717062877600172,NA,1330509,7,49,NA
"380",2008,"MI",0.124643533353719,NA,9946889,7,49,NA
"381",2008,"MN",0.308443430336687,NA,5247018,7,49,NA
"382",2008,"MO",0.475511983116774,NA,5923916,7,49,NA
"383",2008,"MS",0.185112243106605,NA,2947806,7,49,NA
"384",2008,"MT",0.106399242470258,NA,976415,7,49,NA
"385",2008,"NC",0.706124762749542,NA,9309449,7,49,NA
"386",2008,"ND",0.0350799107482738,NA,657569,7,49,NA
"387",2008,"NE",0.157317390113024,NA,1796378,7,49,NA
"388",2008,"NH",0.193584437366509,NA,1315906,7,49,NA
"389",2008,"NJ",0.498836779006649,NA,871109,7,49,NA
"390",2008,"NM",0.142719241941371,NA,2010662,7,49,NA
"391",2008,"NV",0.27780784996483,NA,265363,7,49,NA
"392",2008,"NY",1.1638698005756,NA,19212436,7,49,NA
"393",2008,"OH",1.00122164975833,NA,11515391,7,49,NA
"394",2008,"OK",0.257786241842964,NA,3668976,7,49,NA
"395",2008,"OR",0.379786778126304,NA,3768748,7,49,NA
"396",2008,"PA",0.885581930148482,NA,12612285,7,49,NA
"397",2008,"RI",0.0670697307994184,NA,1055003,7,49,NA
"398",2008,"SC",0.230270316299401,NA,4528996,7,49,NA
"399",2008,"SD",0.0659174712087558,NA,799124,7,49,NA
"400",2008,"TN",0.45327440954613,NA,6247411,7,49,NA
"401",2008,"TX",1.51310829377657,NA,24309039,7,49,NA
"402",2008,"UT",0.114627746320364,NA,2663029,7,49,NA
"403",2008,"VA",0.407037724959775,NA,7833496,7,49,NA
"404",2008,"VT",0.0941768351414972,NA,624151,7,49,NA
"405",2008,"WA",0.7246322338813,NA,6562231,7,49,NA
"406",2008,"WI",0.440443603737217,NA,5640996,7,49,NA
"407",2008,"WV",0.139547889562607,NA,184031,7,49,NA
"408",2008,"WY",0.0231981523491791,NA,546043,7,49,NA
"409",2009,"AK",0.0681246008544642,NA,698895,8,64,NA
"410",2009,"AL",0.259416659694631,NA,4757938,8,64,NA
"411",2009,"AR",0.170901474110212,NA,2896843,8,64,NA
"412",2009,"AZ",0.670141517255301,NA,6343154,8,64,NA
"413",2009,"CA",3.17731488816955,NA,36961229,8,64,NA
"414",2009,"CO",0.404276234947161,NA,4972195,8,64,NA
"415",2009,"CT",0.198209560163412,1,3561807,8,64,2
"416",2009,"DC",0.0570545094778737,0,592228,8,64,NA
"417",2009,"DE",0.0707018251587116,NA,89173,8,64,NA
"418",2009,"FL",1.69783346305854,NA,18652644,8,64,NA
"419",2009,"GA",0.587948484184044,NA,9620846,8,64,NA
"420",2009,"HI",0.0702997343037809,NA,1346717,8,64,NA
"421",2009,"IA",0.212426781872194,0,303287,8,64,NA
"422",2009,"ID",0.0929889762247437,NA,1554439,8,64,NA
"423",2009,"IL",0.969721943676602,NA,12796778,8,64,NA
"424",2009,"IN",0.461255726870346,NA,6459325,8,64,NA
"425",2009,"KS",0.236945570639185,NA,2832704,8,64,NA
"426",2009,"KY",0.298330001772652,NA,4317074,8,64,NA
"427",2009,"LA",0.23394096603623,NA,4491648,8,64,NA
"428",2009,"MA",0.526757261300677,6,6517613,8,64,6
"429",2009,"MD",0.36774046998481,NA,5730388,8,64,NA
"430",2009,"ME",0.724622505792501,NA,132959,8,64,NA
"431",2009,"MI",0.0858117167981039,NA,9901591,8,64,NA
"432",2009,"MN",0.321538706780783,NA,5281203,8,64,NA
"433",2009,"MO",0.442165611537913,NA,5961088,8,64,NA
"434",2009,"MS",0.125427228517856,NA,2958774,8,64,NA
"435",2009,"MT",0.0545845979377018,NA,983982,8,64,NA
"436",2009,"NC",0.549262058368892,NA,9449566,8,64,NA
"437",2009,"ND",0.0602113856769099,NA,664968,8,64,NA
"438",2009,"NE",0.142409432783909,NA,1812683,8,64,NA
"439",2009,"NH",0.136551980371856,0,1316102,8,64,NA
"440",2009,"NJ",0.499101854274661,NA,8755602,8,64,NA
"441",2009,"NM",0.134016123353841,NA,2036802,8,64,NA
"442",2009,"NV",0.319301277575728,NA,2684665,8,64,NA
"443",2009,"NY",1.12845226435714,NA,19307066,8,64,NA
"444",2009,"OH",0.934249608300987,NA,11528896,8,64,NA
"445",2009,"OK",0.26133277727794,NA,3717572,8,64,NA
"446",2009,"OR",0.373318644762183,NA,38086,8,64,NA
"447",2009,"PA",0.798867181111041,NA,12666858,8,64,NA
"448",2009,"RI",0.0722783036807684,NA,1053646,8,64,NA
"449",2009,"SC",0.289666875967112,NA,4589872,8,64,NA
"450",2009,"SD",0.0358256110805512,NA,807067,8,64,NA
"451",2009,"TN",0.503610769831683,NA,6306019,8,64,NA
"452",2009,"TX",1.60378944114823,NA,24801761,8,64,NA
"453",2009,"UT",0.101902106646411,NA,2723421,8,64,NA
"454",2009,"VA",0.482980793203072,NA,7925937,8,64,NA
"455",2009,"VT",0.0530643609415803,0,624817,8,64,NA
"456",2009,"WA",0.595837534232137,NA,6667426,8,64,NA
"457",2009,"WI",0.491110078124865,NA,5669264,8,64,NA
"458",2009,"WV",0.120719317102725,NA,1847775,8,64,NA
"459",2009,"WY",0.0191493081995138,NA,559851,8,64,NA
"460",2010,"AK",0.0771381686347606,NA,713982,9,81,NA
"461",2010,"AL",0.273812014119926,NA,4785514,9,81,NA
"462",2010,"AR",0.177563290228583,NA,2921998,9,81,NA
"463",2010,"AZ",0.572259739584588,NA,6407342,9,81,NA
"464",2010,"CA",2.92831664418976,NA,3731955,9,81,NA
"465",2010,"CO",0.466086307679861,NA,5047539,9,81,NA
"466",2010,"CT",0.194434197289004,2,3579173,9,81,2
"467",2010,"DC",0.035813637599919,1,605282,9,81,2
"468",2010,"DE",0.0509505689303378,NA,899647,9,81,NA
"469",2010,"FL",1.57420229813821,NA,18846143,9,81,NA
"470",2010,"GA",0.627894493752263,NA,9712209,9,81,NA
"471",2010,"HI",0.0779368812134157,NA,1364004,9,81,NA
"472",2010,"IA",0.234804943301339,1,3050819,9,81,2
"473",2010,"ID",0.0818071651811275,NA,1570819,9,81,NA
"474",2010,"IL",0.817950308864101,NA,12840545,9,81,NA
"475",2010,"IN",0.5185367335896,NA,6490555,9,81,NA
"476",2010,"KS",0.158069852480577,NA,2858266,9,81,NA
"477",2010,"KY",0.353376713803246,NA,4348464,9,81,NA
"478",2010,"LA",0.258550426860475,NA,4544635,9,81,NA
"479",2010,"MA",0.531186347819247,7,656644,9,81,7
"480",2010,"MD",0.418705919571245,NA,5788784,9,81,NA
"481",2010,"ME",0.699722306413165,NA,1327651,9,81,NA
"482",2010,"MI",0.182278354158926,NA,9877597,9,81,NA
"483",2010,"MN",0.295966396969477,NA,5310934,9,81,NA
"484",2010,"MO",0.45508878629499,NA,5996089,9,81,NA
"485",2010,"MS",0.135260232052838,NA,2970615,9,81,NA
"486",2010,"MT",0.0623662443100754,NA,99073,9,81,NA
"487",2010,"NC",0.609534910320862,NA,9574586,9,81,NA
"488",2010,"ND",0.0565979092159997,NA,674752,9,81,NA
"489",2010,"NE",0.127368986010954,NA,1829591,9,81,NA
"490",2010,"NH",0.179509298624295,1,1316807,9,81,2
"491",2010,"NJ",0.456363610172905,NA,8799451,9,81,NA
"492",2010,"NM",0.164816382124422,NA,2064614,9,81,NA
"493",2010,"NV",0.387703080174844,NA,2702483,9,81,NA
"494",2010,"NY",1.24962817132957,NA,19399956,9,81,NA
"495",2010,"OH",0.841735004241642,NA,11539449,9,81,NA
"496",2010,"OK",0.252588383231358,NA,3760014,9,81,NA
"497",2010,"OR",0.331637390080116,NA,3837614,9,81,NA
"498",2010,"PA",0.821118632834298,NA,12711406,9,81,NA
"499",2010,"RI",0.0654081660846704,NA,1053994,9,81,NA
"500",2010,"SC",0.266251276418648,NA,4635846,9,81,NA
"501",2010,"SD",0.0736573389482019,NA,816193,9,81,NA
"502",2010,"TN",0.386934226022624,NA,6355518,9,81,NA
"503",2010,"TX",1.70905695950111,NA,25241897,9,81,NA
"504",2010,"UT",0.169548170211793,NA,2775413,9,81,NA
"505",2010,"VA",0.419768374046941,NA,8024004,9,81,NA
"506",2010,"VT",0.044537388447511,1,625886,9,81,2
"507",2010,"WA",0.616152357673898,NA,6743009,9,81,NA
"508",2010,"WI",0.509028562082991,NA,5690538,9,81,NA
"509",2010,"WV",0.0919772173364409,NA,1854265,9,81,NA
"510",2010,"WY",0.0185727491404473,NA,564531,9,81,NA
"511",2011,"AK",0.0277322885419515,NA,722349,10,100,NA
"512",2011,"AL",0.210769912830763,NA,4799642,10,100,NA
"513",2011,"AR",0.135075255467282,NA,2941038,10,100,NA
"514",2011,"AZ",0.597589226742661,NA,6473416,10,100,NA
"515",2011,"CA",3.33723656891858,NA,37636311,10,100,NA
"516",2011,"CO",0.456986091784987,NA,51219,10,100,NA
"517",2011,"CT",0.218920576381465,3,3588632,10,100,4
"518",2011,"DC",0.0585175569583464,2,62029,10,100,2
"519",2011,"DE",0.0637994680338353,NA,90759,10,100,NA
"520",2011,"FL",1.51930628844822,NA,19055607,10,100,NA
"521",2011,"GA",0.670546464333247,NA,980363,10,100,NA
"522",2011,"HI",0.0560031668240263,NA,1379562,10,100,NA
"523",2011,"IA",0.232964335387831,2,3066772,10,100,2
"524",2011,"ID",0.099931119744752,NA,1584272,10,100,NA
"525",2011,"IL",0.703940332470868,NA,12867783,10,100,NA
"526",2011,"IN",0.530762648596641,NA,651725,10,100,NA
"527",2011,"KS",0.185280448294431,NA,2869677,10,100,NA
"528",2011,"KY",0.299187817232155,NA,4370817,10,100,NA
"529",2011,"LA",0.296841955559301,NA,4576244,10,100,NA
"530",2011,"MA",0.480727827139991,8,6614218,10,100,7
"531",2011,"MD",0.326192136974795,NA,5840241,10,100,NA
"532",2011,"ME",0.659701864987315,NA,1328473,10,100,NA
"533",2011,"MI",0.137839199973232,NA,9883053,10,100,NA
"534",2011,"MN",0.360433336399234,NA,534662,10,100,NA
"535",2011,"MO",0.412992639520503,NA,6011182,10,100,NA
"536",2011,"MS",0.156264256793129,NA,2979147,10,100,NA
"537",2011,"MT",0.0414162697173353,NA,997518,10,100,NA
"538",2011,"NC",0.802452732684452,NA,9658913,10,100,NA
"539",2011,"ND",0.0195559397396199,NA,685526,10,100,NA
"540",2011,"NE",0.118139344443995,NA,1840914,10,100,NA
"541",2011,"NH",0.106927206183286,2,1320444,10,100,2
"542",2011,"NJ",0.490223960089927,NA,8828552,10,100,NA
"543",2011,"NM",0.144556336133011,NA,2080707,10,100,NA
"544",2011,"NV",0.302345877489419,NA,2713114,10,100,NA
"545",2011,"NY",1.07552104778803,0,19499921,10,100,NA
"546",2011,"OH",0.961275551114966,NA,11545735,10,100,NA
"547",2011,"OK",0.241025223149426,NA,3788824,10,100,NA
"548",2011,"OR",0.346258088621623,NA,3872672,10,100,NA
"549",2011,"PA",0.770535783027881,NA,12747052,10,100,NA
"550",2011,"RI",0.0643420587633128,NA,1053829,10,100,NA
"551",2011,"SC",0.319868344196093,NA,4672655,10,100,NA
"552",2011,"SD",0.0331476130336206,NA,82374,10,100,NA
"553",2011,"TN",0.429090103102763,NA,6400298,10,100,NA
"554",2011,"TX",1.6937443077944,NA,25645504,10,100,NA
"555",2011,"UT",0.0992207805750425,NA,2814797,10,100,NA
"556",2011,"VA",0.4723128246686,NA,8102437,10,100,NA
"557",2011,"VT",0.0560544100084589,2,627197,10,100,2
"558",2011,"WA",0.573714005020297,NA,6827479,10,100,NA
"559",2011,"WI",0.450005473290872,NA,570584,10,100,NA
"560",2011,"WV",0.0996400102854204,NA,1856606,10,100,NA
"561",2011,"WY",0.0420947952922555,NA,567491,10,100,NA
"562",2012,"AK",0.0563707564925133,NA,73081,11,121,NA
"563",2012,"AL",0.235515719494785,NA,4816632,11,121,NA
"564",2012,"AR",0.202568325143408,NA,2952876,11,121,NA
"565",2012,"AZ",0.496945414605541,NA,6556344,11,121,NA
"566",2012,"CA",3.15478906914983,NA,37944551,11,121,NA
"567",2012,"CO",0.412935389810803,NA,519366,11,121,NA
"568",2012,"CT",0.277691438891895,4,3595211,11,121,4
"569",2012,"DC",0.0449354622014581,3,635737,11,121,4
"570",2012,"DE",0.082278177804511,NA,915518,11,121,NA
"571",2012,"FL",1.45334305071936,NA,19302016,11,121,NA
"572",2012,"GA",0.598524201083426,NA,990358,11,121,NA
"573",2012,"HI",0.144391710276803,NA,1395199,11,121,NA
"574",2012,"IA",0.166855165379237,3,3076844,11,121,4
"575",2012,"ID",0.120571355513254,NA,159591,11,121,NA
"576",2012,"IL",0.9102238247102,NA,12883029,11,121,NA
"577",2012,"IN",0.452598873499557,NA,6538989,11,121,NA
"578",2012,"KS",0.186884352328916,NA,2886024,11,121,NA
"579",2012,"KY",0.315978272009839,NA,4387865,11,121,NA
"580",2012,"LA",0.253537958023588,NA,4602067,11,121,NA
"581",2012,"MA",0.438745825472406,9,6664269,11,121,7
"582",2012,"MD",0.33456821774217,0,5888375,11,121,NA
"583",2012,"ME",0.579537293626577,0,1328094,11,121,NA
"584",2012,"MI",0.169392587305026,NA,9898289,11,121,NA
"585",2012,"MN",0.451737256837097,NA,53775,11,121,NA
"586",2012,"MO",0.378030760523042,NA,6026027,11,121,NA
"587",2012,"MS",0.157777603572254,NA,2984599,11,121,NA
"588",2012,"MT",0.0322609970370022,NA,1004168,11,121,NA
"589",2012,"NC",0.622044683335114,NA,975181,11,121,NA
"590",2012,"ND",0.0419967040561374,NA,702227,11,121,NA
"591",2012,"NE",0.12293079826774,NA,1853691,11,121,NA
"592",2012,"NH",0.094015363895659,3,1324677,11,121,4
"593",2012,"NJ",0.433547945187709,NA,8845671,11,121,NA
"594",2012,"NM",0.129128589471884,NA,2087715,11,121,NA
"595",2012,"NV",0.250511737071217,NA,274467,11,121,NA
"596",2012,"NY",1.17596650701287,1,19574362,11,121,2
"597",2012,"OH",0.947156896870404,NA,11550971,11,121,NA
"598",2012,"OK",0.26245572624289,NA,381932,11,121,NA
"599",2012,"OR",0.481677756757876,NA,3900102,11,121,NA
"600",2012,"PA",0.643208425323549,NA,12769123,11,121,NA
"601",2012,"RI",0.080010404394792,NA,1054893,11,121,NA
"602",2012,"SC",0.320986082335973,NA,4719027,11,121,NA
"603",2012,"SD",0.033525633055869,NA,833859,11,121,NA
"604",2012,"TN",0.405383517836952,NA,6455752,11,121,NA
"605",2012,"TX",1.51979713046955,NA,2608412,11,121,NA
"606",2012,"UT",0.115765494575918,NA,2854146,11,121,NA
"607",2012,"VA",0.454406901524574,NA,8187456,11,121,NA
"608",2012,"VT",0.0962798656442107,3,626361,11,121,4
"609",2012,"WA",0.542707814613668,0,6898599,11,121,NA
"610",2012,"WI",0.443706138907282,NA,5720825,11,121,NA
"611",2012,"WV",0.09518798418908,NA,1857446,11,121,NA
"612",2012,"WY",0.0607409638325523,NA,576656,11,121,NA
"613",2013,"AK",0.0952603856260089,NA,737626,12,144,NA
"614",2013,"AL",0.241076715493559,NA,4831586,12,144,NA
"615",2013,"AR",0.147336591921972,NA,2960459,12,144,NA
"616",2013,"AZ",0.587884144528995,NA,663469,12,144,NA
"617",2013,"CA",2.87076036049185,0,38253768,12,144,NA
"618",2013,"CO",0.440697114267759,NA,5270774,12,144,NA
"619",2013,"CT",0.213486920578971,5,3595792,12,144,6
"620",2013,"DC",0.0626911779527665,4,651559,12,144,4
"621",2013,"DE",0.0738435520582563,0,924062,12,144,NA
"622",2013,"FL",1.42330589662629,NA,19551678,12,144,NA
"623",2013,"GA",0.612494240108119,NA,9975592,12,144,NA
"624",2013,"HI",0.0671856271523602,0,1408822,12,144,NA
"625",2013,"IA",0.20581477788021,4,3093935,12,144,4
"626",2013,"ID",0.0935056925124876,NA,1612053,12,144,NA
"627",2013,"IL",0.723241998139026,0,12895778,12,144,NA
"628",2013,"IN",0.433084224525682,NA,6570575,12,144,NA
"629",2013,"KS",0.15983647480473,NA,2894306,12,144,NA
"630",2013,"KY",0.277215406005317,NA,4406906,12,144,NA
"631",2013,"LA",0.293895483876005,NA,462604,12,144,NA
"632",2013,"MA",0.48066430341076,10,6715158,12,144,7
"633",2013,"MD",0.300828158769111,1,5925197,12,144,2
"634",2013,"ME",0.642144095602703,1,1328543,12,144,2
"635",2013,"MI",0.203770962310732,NA,9914802,12,144,NA
"636",2013,"MN",0.328652773963416,0,5414722,12,144,NA
"637",2013,"MO",0.448539537811604,NA,6042989,12,144,NA
"638",2013,"MS",0.154686466534383,NA,2989839,12,144,NA
"639",2013,"MT",0.112187691359303,NA,1014158,12,144,NA
"640",2013,"NC",0.725375625008524,NA,9846717,12,144,NA
"641",2013,"ND",0.0488601978850067,NA,723149,12,144,NA
"642",2013,"NE",0.095892314477492,NA,1865813,12,144,NA
"643",2013,"NH",0.143378907256715,4,1327272,12,144,4
"644",2013,"NJ",0.480780169134907,0,8857821,12,144,NA
"645",2013,"NM",0.159913511019858,0,2092833,12,144,NA
"646",2013,"NV",0.226620148065304,NA,2776956,12,144,NA
"647",2013,"NY",1.2198624116441,2,19626488,12,144,2
"648",2013,"OH",0.830823629395619,NA,11579692,12,144,NA
"649",2013,"OK",0.24413323469855,NA,3853891,12,144,NA
"650",2013,"OR",0.360142297982451,NA,392411,12,144,NA
"651",2013,"PA",0.851247719087499,NA,12779538,12,144,NA
"652",2013,"RI",0.0582658874710481,0,105556,12,144,NA
"653",2013,"SC",0.30807288330205,NA,4766469,12,144,NA
"654",2013,"SD",0.0672491387623746,NA,842751,12,144,NA
"655",2013,"TN",0.443769277254997,NA,6496943,12,144,NA
"656",2013,"TX",1.72993955188167,NA,26479646,12,144,NA
"657",2013,"UT",0.140304981395023,NA,2898773,12,144,NA
"658",2013,"VA",0.533684183319938,NA,8255861,12,144,NA
"659",2013,"VT",0.0217633317296348,4,626603,12,144,4
"660",2013,"WA",0.592302024400265,1,6966252,12,144,2
"661",2013,"WI",0.398646831756213,NA,5738012,12,144,NA
"662",2013,"WV",0.10319937422068,NA,1854768,12,144,NA
"663",2013,"WY",0.0182813463067465,NA,58262,12,144,NA
"664",2014,"AK",0.0812432055815076,0,737075,13,169,NA
"665",2014,"AL",0.227712553372737,NA,4843737,13,169,NA
"666",2014,"AR",0.145812979232164,NA,2968759,13,169,NA
"667",2014,"AZ",0.557523585771447,0,6732873,13,169,NA
"668",2014,"CA",2.59755752617476,1,38586706,13,169,2
"669",2014,"CO",0.406985989215315,0,5352637,13,169,NA
"670",2014,"CT",0.210864309747593,6,3595697,13,169,6
"671",2014,"DC",0.0591877521063772,5,663603,13,169,6
"672",2014,"DE",0.0643771949997303,1,933131,13,169,2
"673",2014,"FL",1.6071215577192,NA,1985388,13,169,NA
"674",2014,"GA",0.581621130813153,NA,10071204,13,169,NA
"675",2014,"HI",0.0896254405438762,1,1415335,13,169,2
"676",2014,"IA",0.214011292378896,5,3110643,13,169,6
"677",2014,"ID",0.0652914400458272,0,1632248,13,169,NA
"678",2014,"IL",0.795782060707574,1,12885092,13,169,2
"679",2014,"IN",0.459904129533711,0,6596019,13,169,NA
"680",2014,"KS",0.221747735552269,0,2901861,13,169,NA
"681",2014,"KY",0.318411839916181,NA,4416992,13,169,NA
"682",2014,"LA",0.232850420630318,NA,4645938,13,169,NA
"683",2014,"MA",0.459922028221644,11,6764864,13,169,7
"684",2014,"MD",0.328237397115142,2,5960064,13,169,2
"685",2014,"ME",0.674572009445814,2,1331217,13,169,2
"686",2014,"MI",0.153289816097355,NA,9932033,13,169,NA
"687",2014,"MN",0.416370363003194,1,5452665,13,169,2
"688",2014,"MO",0.483456839055193,NA,605913,13,169,NA
"689",2014,"MS",0.142147170924308,NA,2991892,13,169,NA
"690",2014,"MT",0.0776109641576951,0,1022657,13,169,NA
"691",2014,"NC",0.532968017312915,0,9937295,13,169,NA
"692",2014,"ND",0.0499279580482166,NA,738736,13,169,NA
"693",2014,"NE",0.125952867273694,NA,1879955,13,169,NA
"694",2014,"NH",0.114113184322947,5,1334257,13,169,6
"695",2014,"NJ",0.425426657370639,1,8867277,13,169,2
"696",2014,"NM",0.1458357443243,1,2090236,13,169,2
"697",2014,"NV",0.319417336168778,0,2818935,13,169,NA
"698",2014,"NY",1.07135717762673,3,19653431,13,169,4
"699",2014,"OH",0.928120854627511,NA,11606573,13,169,NA
"700",2014,"OK",0.232276736507083,0,3879187,13,169,NA
"701",2014,"OR",0.408712846983424,0,3965447,13,169,NA
"702",2014,"PA",0.789924535446036,0,12792392,13,169,NA
"703",2014,"RI",0.0877919033407828,1,1056511,13,169,2
"704",2014,"SC",0.210629368959568,0,4826858,13,169,NA
"705",2014,"SD",0.0634699241743765,NA,84967,13,169,NA
"706",2014,"TN",0.418660129157886,NA,6544617,13,169,NA
"707",2014,"TX",1.84765144592642,NA,26963092,13,169,NA
"708",2014,"UT",0.081898119403757,0,2938327,13,169,NA
"709",2014,"VA",0.457515598876992,0,831543,13,169,NA
"710",2014,"VT",0.0547249156176344,5,625693,13,169,6
"711",2014,"WA",0.571182328272665,2,7057531,13,169,2
"712",2014,"WI",0.427419903391524,0,5753199,13,169,NA
"713",2014,"WV",0.106281492903239,0,1850569,13,169,NA
"714",2014,"WY",0.0539298864211069,0,583159,13,169,NA
"715",2015,"AK",0.0633630708523257,1,73843,14,196,2
"716",2015,"AL",0.180161812721256,0,4854803,14,196,NA
"717",2015,"AR",0.177976920057497,0,2979732,14,196,NA
"718",2015,"AZ",0.575467131287373,1,683281,14,196,2
"719",2015,"CA",2.38976394252464,2,38904296,14,196,2
"720",2015,"CO",0.419724094730653,1,5454328,14,196,2
"721",2015,"CT",0.220850535644784,7,3588561,14,196,7
"722",2015,"DC",0.114792019308419,6,677014,14,196,6
"723",2015,"DE",0.0949295218487405,2,942065,14,196,2
"724",2015,"FL",1.41197922570533,0,20219111,14,196,NA
"725",2015,"GA",0.538906791747766,0,10183353,14,196,NA
"726",2015,"HI",0.0813683772295518,2,1422999,14,196,2
"727",2015,"IA",0.243716276642458,6,3122541,14,196,6
"728",2015,"ID",0.0651001839787808,1,1652495,14,196,2
"729",2015,"IL",0.75916943057558,2,12859585,14,196,2
"730",2015,"IN",0.352422887013896,1,6611442,14,196,2
"731",2015,"KS",0.178316216229848,1,2910717,14,196,2
"732",2015,"KY",0.271883985094474,0,4429126,14,196,NA
"733",2015,"LA",0.209012194108796,0,4666998,14,196,NA
"734",2015,"MA",0.399007904957053,12,6797484,14,196,7
"735",2015,"MD",0.367670118019655,3,5988528,14,196,4
"736",2015,"ME",0.640681413165249,3,1329098,14,196,4
"737",2015,"MI",0.148025200924058,0,9934483,14,196,NA
"738",2015,"MN",0.341665560427135,2,5484002,14,196,2
"739",2015,"MO",0.386260749660317,0,6075411,14,196,NA
"740",2015,"MS",0.128994402908104,0,2990231,14,196,NA
"741",2015,"MT",0.0530651270631464,1,1031495,14,196,2
"742",2015,"NC",0.708433687554079,1,10037218,14,196,2
"743",2015,"ND",0.0662075032584723,0,755537,14,196,NA
"744",2015,"NE",0.144403853330504,0,1892059,14,196,NA
"745",2015,"NH",0.157279076551712,6,133748,14,196,6
"746",2015,"NJ",0.442247986567313,2,8870312,14,196,2
"747",2015,"NM",0.11920192151026,2,2090071,14,196,2
"748",2015,"NV",0.257217228379136,1,2868531,14,196,2
"749",2015,"NY",0.955147498805793,4,19657321,14,196,4
"750",2015,"OH",0.854864757427621,0,11622315,14,196,NA
"751",2015,"OK",0.283492215859566,1,3910518,14,196,2
"752",2015,"OR",0.357332407865888,1,4018542,14,196,2
"753",2015,"PA",0.840949987146897,1,12789838,14,196,2
"754",2015,"RI",0.0681000075083453,2,1056886,14,196,2
"755",2015,"SC",0.266241785789993,1,4896006,14,196,2
"756",2015,"SD",0.0435816200959845,0,854663,14,196,NA
"757",2015,"TN",0.304504709489022,0,6595354,14,196,NA
"758",2015,"TX",1.66490996291965,0,27468531,14,196,NA
"759",2015,"UT",0.162194738017403,1,2983626,14,196,2
"760",2015,"VA",0.5275703302887,1,8367303,14,196,2
"761",2015,"VT",0.0414668971903782,6,62581,14,196,6
"762",2015,"WA",0.593707784025622,3,7167287,14,196,4
"763",2015,"WI",0.508357541389607,1,5762927,14,196,2
"764",2015,"WV",0.115630009603791,1,1843332,14,196,2
"765",2015,"WY",0.0472265615121977,1,586389,14,196,2
